H33 =

    0.1111    0.0000   -0.1925
    0.0000    0.2222    0.0000
   -0.1925    0.0000    1.0000